# timestamp x y z q_x q_y q_z q_w
1671108954.1846623 -46.782997774334056 -145.78175741057916 0.75250318296838303 0 0 0.70710678118654746 0.70710678118654757
1671108954.2855649 -46.782997774334056 -145.78175741057916 0.75250318296838303 0 0 0.70710678118654746 0.70710678118654757
1671108954.3851249 -46.776456230832636 -145.90414054206562 0.74710184482228936 0.00076140371289817063 -0.0018177590090596035 0.70645883664894471 0.70775138865083909
1671108954.4846091 -46.782318946085219 -146.01462555008297 0.72406168869547538 0.0013610846424223092 0.000918791407575675 0.70606065408904484 0.70814945881381297
1671108954.5854414 -46.787947124993757 -146.0688862600438 0.72392685845294025 0.0001578518697989282 0.00052687199374453354 0.70642803941858612 0.70778465836149773
1671108954.6850214 -46.776236639000011 -146.13952660067724 0.73014676252780475 -0.0017710253033411298 0.00018017156159582309 0.70469045562332189 0.70951264453917817
1671108954.7845564 -46.768041444157994 -146.22086064176131 0.71742522530164554 -0.0019808814140175593 0.0010456632293720091 0.70454088225162548 0.70965986777704682
1671108954.8853779 -46.769967168722488 -146.33278568873052 0.72826828184314063 0.0047733429486912947 -0.001306084321821197 0.70482201362810804 0.70936692793367351
1671108954.9849486 -46.761511297343255 -146.41086530925207 0.72279665108192703 -0.0017176545045367838 5.5954270665176808e-05 0.70650699000072426 0.70770397738902036
1671108955.0844331 -46.755810508151725 -146.49546562314768 0.70700659196674809 0.0011364069809460789 0.0036741370759393287 0.70965119417346834 0.70454268281211396
1671108955.1853447 -46.747117556544303 -146.56116714986589 0.70004611725648858 0.0013107027035390837 0.0026951433304882953 0.70754410086891173 0.70666283586053547
1671108955.2848411 -46.758623464869984 -146.65481027793422 0.67622427850095546 -0.0030317249563995797 -0.00046921002932494093 0.70700827735725269 0.70719861724558453
1671108955.3857126 -46.756167417090992 -146.72715072644101 0.66730127957295615 -9.572546809370286e-05 0.0048492122925321663 0.70767432901272365 0.70652212989627428
1671108955.4852455 -46.754234488655207 -146.79022049481034 0.66518992343358685 -0.0022771158044379803 0.0057244105413072907 0.70681513758076164 0.70737147748142659
1671108955.5847688 -46.740494824589973 -146.87612045948467 0.67765191168813033 -0.0022087005312906218 0.0038656533608133637 0.70608056151784637 0.70811751779821119
1671108955.6856427 -46.714393772021751 -146.98431626100032 0.67716360742677928 0.0052283546556188077 0.0058365039258232955 0.70698902477960235 0.70718110719299165
1671108955.7852144 -46.694012804295355 -147.05684561850322 0.64358900858005497 -0.0056088185283029758 0.0036486905638429029 0.70752933701375742 0.70665229460942003
1671108955.8846967 -46.710224229058994 -147.12571934301258 0.65342654708884651 -0.0039006063539567181 0.0074350906949020084 0.70996850473725803 0.70418337595939595
1671108955.9855967 -46.676536536009607 -147.21395248994344 0.65619912108425049 -0.0022361284114577008 0.0043943733020366986 0.70878126603605329 0.70541109016610959
1671108956.0851216 -46.682806171516518 -147.29473637958131 0.65475875874403844 -0.0055276302200959488 0.0027126180008342636 0.70847568314527376 0.70570836285222582
1671108956.1859872 -46.67764555226676 -147.40110662005767 0.61702424366101616 -0.002443162528725121 0.0081833434527825641 0.71015838910172757 0.7039901464049273
1671108956.2854824 -46.709690057960898 -147.46373452691009 0.62443987506888798 -0.0063685007885394907 0.0064016227260032289 0.70861174451683762 0.70554082586125688
1671108956.3850117 -46.713046132162681 -147.52408649785278 0.63584013788108706 -0.0073450484730424852 0.0064544456032796646 0.70800698937029238 0.70613772976502109
1671108956.4845495 -46.696905732600015 -147.61614799196087 0.62793479411620634 -0.0055133434297576622 0.0083695748211959457 0.70881487703978818 0.70532334666350549
1671108956.5854363 -46.684870905614829 -147.71864006080293 0.62121284786798059 -0.0056386483646075703 0.0048840755136264806 0.71002995915001632 0.70413195394075356
1671108956.6849294 -46.70199165053014 -147.79939074729307 0.60915254869014013 -0.0064796201255142042 0.0069324821127144821 0.71084101019559942 0.70328871271966664
1671108956.7858458 -46.687046521851045 -147.8800359239053 0.61528413214646283 -0.0048252968911976961 0.0066893602862284941 0.71133163401272392 0.70280813556877708
1671108956.8853211 -46.685686287799804 -147.96329699028283 0.60327751461879808 -0.0065403518625159829 0.0067644255686181562 0.71093820518216355 0.70319153490112851
1671108956.98491 -46.700420170942877 -148.06329695657007 0.59170723460949937 -0.0044203294553181562 0.0077883692520773684 0.71078198173352869 0.70335536994812042
1671108957.0857687 -46.709650092466177 -148.12661991475559 0.59128556139469146 -0.00657908999133859 0.0081136444242397628 0.71145346929833264 0.70265556667005025
1671108957.1852832 -46.70478225444991 -148.19377929627524 0.58813899720080653 -0.0088239208008451479 0.0086247020023509802 0.70913989203674777 0.70495983322397937
1671108957.2848272 -46.694143170160707 -148.28027134991586 0.58233082544426429 -0.0081292340056505034 0.0089134075295057812 0.70824406232781012 0.70586458679983022
1671108957.3856988 -46.664057392773593 -148.40589615176359 0.58756388731989995 0.00030984838374108518 0.0047763862397723518 0.70854434771434815 0.70565005310742801
1671108957.4852123 -46.659601318926924 -148.4787533561524 0.5789953106898813 -0.0029104138727731421 0.0077434732667358945 0.70928461143296229 0.70487368236957748
1671108957.5847647 -46.648434789650139 -148.55079847146271 0.57536989660933602 -0.0018489189763640336 0.010756049775265812 0.71127176282682913 0.70283238990321573
1671108957.685607 -46.634706681042907 -148.62875929142348 0.55868179156742981 -0.00069230461599801305 0.0099569018513071504 0.71121446516410081 0.70290423626635234
1671108957.7851446 -46.634833149918911 -148.70078738265968 0.54756293030679215 -0.0025919922848795266 0.0073416943514759024 0.71272686519377193 0.7013984578904513
1671108957.8859773 -46.623707121366635 -148.79512098236123 0.53506314708217961 -0.002933139262361409 0.011639896671472163 0.71228854094148153 0.701784114912129
1671108957.985527 -46.625264473741126 -148.85603510851041 0.53172578320801245 -0.005379754013130407 0.012127076577463017 0.71200757150907668 0.70204644459906618
1671108958.0850601 -46.628574317804912 -148.93582642728686 0.52944027577601371 -0.0052481691958243121 0.01032376848394639 0.71258993484857514 0.70148518250700465
1671108958.1858721 -46.610939004930479 -149.02731246290057 0.52223441943377247 -0.002650300534354424 0.012683042451684348 0.71295877224302873 0.70108623251562974
1671108958.2854753 -46.585360678816585 -149.1114189566411 0.52083807975798835 0.00066695126209102135 0.0091250176682181935 0.71701863073110084 0.69699395435905032
1671108958.3849502 -46.572383017951253 -149.19391550582984 0.51361537186726913 -0.00063205712099030273 0.0084804946345526291 0.71985427329566276 0.69407312794295828
1671108958.4858265 -46.569239240662007 -149.2588929541435 0.51501520300172254 0.0021530915473412389 0.011082830646556978 0.72173340685111742 0.69207905942654246
1671108958.585402 -46.561866862010213 -149.32909235793315 0.50482262255586674 0.0015206207117874483 0.011848424526284989 0.7220552701474251 0.6917322382260529
1671108958.6849241 -46.538527965374108 -149.40384384381994 0.50454866372272367 -0.0054866617362067521 0.008216696111788031 0.72270638652227692 0.69108455439831118
1671108958.7857585 -46.541148409285022 -149.50108381964787 0.50004729212447985 -0.0041686689163648047 0.010644502129606775 0.72436128242471887 0.68932579329218135
1671108958.8852868 -46.543727688591929 -149.57400219595507 0.4980055843461304 -0.0063945132385390029 0.012896575236354037 0.72179654568967444 0.69195558757630471
1671108958.9848943 -46.541586772940867 -149.66128570070714 0.49405790371187025 -0.0064127739458616634 0.012131685602448972 0.72126336352405129 0.69252498797713757
1671108959.0857038 -46.523602079089734 -149.76437079555319 0.49258296138942231 0.0035926882897842306 0.015208117921509775 0.72297931607609323 0.69069292327798082
1671108959.1852908 -46.494296209587901 -149.84355803702547 0.48284737350419155 -0.0049934326470011513 0.011316008771808302 0.72393053021338616 0.68976198866046612
1671108959.2847738 -46.491888659960033 -149.91792749860659 0.48065885987952345 -0.0033072202023695547 0.013930828246745705 0.72655324053632642 0.68696097631892861
1671108959.3856015 -46.470697670663149 -149.9936952649355 0.47628085880130522 -0.00043550133496203535 0.012629355817238386 0.72633773114696398 0.68722180554935053
1671108959.4851789 -46.468168389122191 -150.06168397543431 0.47731742640435687 -8.976152231342085e-05 0.012761649936793098 0.72664861675614678 0.68689076278556715
1671108959.5860295 -46.464968267651649 -150.15267620195897 0.45559781701490276 -0.0026629530944378582 0.014016118617214893 0.7265302603816608 0.68698634473290743
1671108959.6854739 -46.452665104568005 -150.21739669439719 0.45437714774012555 -0.0022944831911379951 0.014569898264768524 0.72645134704030367 0.6870595998854595
1671108959.7851202 -46.437434790756924 -150.29849124058111 0.45937875128462902 -0.0040063460187503841 0.014289274990850288 0.72458069656802426 0.68903017348502993
1671108959.884613 -46.419030323790757 -150.39107440934629 0.45073044393211598 -0.0033527466067295101 0.015173811155292391 0.72430019433203863 0.68930961333481044
1671108959.9854741 -46.394279523262384 -150.51511232024728 0.44850891717821351 0.0036687671950695368 0.012067147463847148 0.72805361255606593 0.68540415912322539
1671108960.0850105 -46.388789294707777 -150.58555019519628 0.42961884300708764 -0.0016337379836243668 0.011087317321232214 0.72907148702007629 0.68434579644296356
1671108960.1858969 -46.372299019797147 -150.65948242664635 0.41853733556792128 0.00030533767174464616 0.016394146210261546 0.7299986846603731 0.68325182702504916
1671108960.2854056 -46.349063385013494 -150.74733527276217 0.40603756429478516 0.0015120871904999249 0.014691016450555545 0.72790774556020421 0.68551601117803163
1671108960.3848889 -46.362459923198635 -150.82044223876969 0.39327198507599526 -0.0058466745893700116 0.010169847997716244 0.72987931257667593 0.68347536872995529
1671108960.4857969 -46.332766795161369 -150.91603531409427 0.4055043860860168 -0.0018835418566786894 0.015190814624838012 0.72821069419645557 0.68518236716878822
1671108960.5853648 -46.313958378500494 -150.97468081247433 0.39989014268815515 -0.0031354821130352762 0.01720944712046845 0.72663141214969906 0.68680477179403832
1671108960.6848812 -46.297961646032334 -151.06080978518577 0.3975485170096158 -0.0023895159002035294 0.015470025700877674 0.72624689445051482 0.6872557142865815
1671108960.7857413 -46.282537442421166 -151.16628535956218 0.39219925889670837 0.0037889666227664928 0.017312620378881195 0.72670448693208745 0.68672156335760992
1671108960.8852396 -46.250252067241448 -151.26332155872657 0.40661870202869166 0.00053515182099197415 0.010278906295133136 0.7290745331636842 0.68435691184502578
1671108960.9848125 -46.248362968789039 -151.34090470357165 0.40095064281746734 0.0013819947534028647 0.012128833394397491 0.73031658173198555 0.68299975983765926
1671108961.0856135 -46.244690024024251 -151.40495709455013 0.38620671819970004 0.0012271204748920406 0.014985984257748499 0.73068100797502422 0.68255342577396039
1671108961.1852083 -46.22279459485263 -151.48216284473241 0.3616031421259045 -0.00038012868817783831 0.016730573770594309 0.73010926812650501 0.68312546431769516
1671108961.2847362 -46.192742930927125 -151.56352152592987 0.36073286541998378 -0.0054492845187953604 0.014217966106299343 0.73022386188575206 0.68303826120554256
1671108961.3855753 -46.214607972909512 -151.64184908559099 0.36583568184524767 -0.0023803051810252608 0.015070251518158507 0.73199526851304042 0.68113886142323898
1671108961.4851069 -46.213307028274983 -151.70461240988521 0.36531450452134001 -0.0044265455272763125 0.016452588500192392 0.72998795145458706 0.68324761891826125
1671108961.5846725 -46.20717497564852 -151.78672763314844 0.36286205704882729 -0.0044147587912175806 0.016582198773854587 0.72968315726016209 0.68357006268522413
1671108961.6855011 -46.160972165411714 -151.89732799021229 0.35490707655400028 0.0041644241536774951 0.01769807731237219 0.73054640413199579 0.682620968796538
1671108961.7850862 -46.146387505603585 -151.96485882241427 0.34088197162076822 -0.0065217092383665094 0.015979416704770776 0.73276572299652076 0.68026209710064833
1671108961.8845296 -46.146241284541041 -152.03249246067554 0.34013200530335297 -0.0033611048544629697 0.020554529929170971 0.73352672836389021 0.67934141125748804
1671108961.9854469 -46.118848466578129 -152.10388822936864 0.33604882716313 -0.0022637795527174986 0.018230711970286462 0.73273031445708603 0.68027112441938353
1671108962.0849619 -46.087917244613173 -152.17940392991304 0.3283655464343726 -0.0016741113803898325 0.018978936330102524 0.73250901414252956 0.68049066233623146
1671108962.1858301 -46.078406640410421 -152.25899602298514 0.33131167875453821 -0.0020781737023957505 0.018597966603415731 0.73224600548012386 0.68078306698292912
1671108962.2853582 -46.092596934643389 -152.34457794229687 0.33095372874960294 -0.0046108313698957695 0.019742978397599538 0.73129814751717703 0.68175653607135689
1671108962.3848739 -46.079530632299928 -152.42290573722272 0.32966971187591543 -0.0048016883011204776 0.019457797088833221 0.72959968443431911 0.6835807475311535
1671108962.4857545 -46.070312544861437 -152.50936883007438 0.32754589650258414 -0.004888667917465987 0.019795790418929773 0.7296526532299884 0.68351388664907231
1671108962.5853181 -46.046712547484042 -152.64407677266971 0.31424643580168482 0.0017898977172066057 0.015713806064029199 0.73015934469850641 0.6830938470770993
1671108962.6847987 -46.042828632244465 -152.72241281490625 0.33167572371661658 0.00039627942487049613 0.01175554756649108 0.7321268408376429 0.68106676544162792
1671108962.7856951 -46.022575208871068 -152.79676358563378 0.31995233209803692 0.0022163668823120142 0.015325888965172934 0.73360496356932459 0.6793997072944028
1671108962.8851838 -46.002001083980502 -152.86487893298417 0.31154472843259567 0.0022774270245710525 0.01501296334137908 0.73198714019708022 0.68114921334752943
1671108962.9860814 -45.992360047693921 -152.96532593586781 0.30539725765287867 0.00046917232099563341 0.0070091567840627651 0.73189161946726089 0.68138484643562469
1671108963.0855927 -45.988473987467586 -153.04949170540758 0.30278697408735739 0.001918177709329717 0.011920251351077516 0.73097096091812397 0.68230175325616516
1671108963.1851101 -45.968782421028614 -153.10794777778014 0.28616296663060781 -0.0019700449956516447 0.015541186099041118 0.72898235286906032 0.68435321264887683
1671108963.2859921 -45.959969662318379 -153.19706681873873 0.2862301305904984 -0.00091766721019368727 0.013962125880934253 0.7288475826626778 0.68453299275823642
1671108963.3855319 -45.941104596802589 -153.31490572697595 0.27145601886045179 0.010627168579768887 0.015298201997759777 0.73069282262407387 0.6824522161069424
1671108963.4850893 -45.910671852485834 -153.41163612529448 0.26440089878588907 0.0014405036033580826 0.010148322021923428 0.73165115848669016 0.68160217047379767
1671108963.5846252 -45.900358102700118 -153.48335622346698 0.26276090541928998 0.0040839263118880144 0.011884096666248367 0.73328316302643404 0.67980724666206271
1671108963.6854358 -45.881794187361002 -153.55477688379736 0.27406992200855157 0.0063604937113266608 0.011488417194240312 0.73399875665561032 0.67902384760635415
1671108963.7849715 -45.85486767636165 -153.62434989133811 0.26485862110704173 0.0078471982854401521 0.012946523764262996 0.73452211694339775 0.67841585235199187
1671108963.8858337 -45.850165321121366 -153.71315313265583 0.25122275246046477 0.003713688411997981 0.0098481341468524362 0.7333009556016572 0.67982272048373038
1671108963.985424 -45.839565800067035 -153.77480163629315 0.25693793111108232 0.0035266608694084021 0.013449273983768882 0.73344818342910167 0.67960315031419027
1671108964.0849171 -45.834443856281041 -153.8480039398469 0.24968599680587639 0.00042946839018221343 0.014857041326810842 0.73229052356419122 0.68083013518644842
1671108964.1857548 -45.813761164029685 -153.9483603686817 0.23681381706446403 -0.00093091198080333143 0.014731353800125116 0.7319960759162697 0.68114893045594826
1671108964.2853048 -45.82743548920751 -154.0570829183884 0.22408756558485315 0.0052870013329933251 0.014390584226186215 0.73318771547581418 0.67985346404787128
1671108964.3848221 -45.804325418912619 -154.13125499685407 0.23925251085534682 0.0019945418365133051 0.0089264878492050295 0.73560726917765407 0.67734650301786847
1671108964.4843833 -45.768178420849146 -154.21196710988468 0.24026064378432921 0.0037840295263786754 0.012117468302185352 0.73761152631526872 0.67510598007227607
1671108964.5852737 -45.749491969731451 -154.27462115347834 0.2162007322400808 0.0041305093334907473 0.013564638662639744 0.73614728882370939 0.67667282243939741
1671108964.6847782 -45.736756336619706 -154.35472281475924 0.21311672930531189 0.0016954676500498251 0.010811575240184198 0.73612759032302222 0.67675431730835245
1671108964.7855856 -45.710531069077554 -154.43962071442903 0.20478949908614152 0.00016949912128275664 0.013110807734845815 0.73437517043005895 0.67861711372939104
1671108964.8851681 -45.697384217078238 -154.50069454050808 0.21125754564255461 -0.00023298901197518274 0.012598965445572605 0.73518755417285098 0.67774661339999553
1671108964.9859886 -45.696469243241843 -154.57693398166745 0.20656842661909752 0.00071469323770028325 0.01132781476449328 0.73501431305449361 0.67795658373620737
1671108965.085537 -45.679943648403139 -154.67308430951238 0.20171451534144574 0.0030218889972765733 0.013613527230835318 0.73630682030273131 0.67650410674208405
1671108965.1851032 -45.648477226863427 -154.77016109542922 0.16576269785165781 -0.0026398600391347232 0.012885101827473672 0.73801176671102853 0.67465964566285974
1671108965.285944 -45.648841380531344 -154.84092891794293 0.18818923699185247 -0.0011391154518305166 0.011509666334470335 0.73957275982609993 0.67297723804008591
1671108965.3854771 -45.627586650257555 -154.93189670054019 0.19875423924773916 0.0020344219338124642 0.013332845236013687 0.73934329357390027 0.67319357588483031
1671108965.4849975 -45.612201870426539 -155.00105984755456 0.17696751924455162 0.001706557732127084 0.015401483035934291 0.73826411614736898 0.67433372805321312
1671108965.5859427 -45.61184103557207 -155.1016450414881 0.18214658874459561 -0.0038397688097867562 0.011767686030250539 0.73722631301706454 0.67553248710646463
1671108965.6853628 -45.604203332579878 -155.16998513478487 0.1773698167357593 -0.0045065367584851239 0.012434675208913077 0.73674244447441983 0.67604411134832743
1671108965.7849307 -45.58927841991931 -155.23934376331269 0.16559705084376025 -0.007165761830636848 0.014990302309486938 0.73414290989457187 0.67879166947273839
1671108965.8858256 -45.568667900716889 -155.3289270863697 0.15510395101159802 -0.0077518964946025649 0.014861689313063755 0.73386728824395264 0.67908603397284362
1671108965.985373 -45.536163287306579 -155.44224985366165 0.16451944126263252 0.0021089690346266111 0.014869042863376749 0.73690957196731 0.67582449390125976
1671108966.0848346 -45.525378506009652 -155.51087722499818 0.15728182203248137 -0.0035670753078392132 0.012171154287655556 0.73763350293402741 0.67508218338683068
1671108966.1843798 -45.500685394401849 -155.5957095536381 0.15038248256146902 -0.0014763419457401641 0.017838021431357157 0.73881968336770587 0.67366542205631752
1671108966.2852783 -45.480239691539111 -155.67378496979177 0.14284639528691762 -0.00055087213179701036 0.018104952067768968 0.73820719255240141 0.67433081504141623
1671108966.3847876 -45.477109621837734 -155.76287120710984 0.13632955268137148 -0.0061345849105167881 0.013295464145642335 0.73859229735369025 0.67399333512352033
1671108966.4856343 -45.476408772239459 -155.84567618069946 0.13954177318364369 -0.0061869307662418245 0.017556443684141658 0.73785312462057595 0.67470457213547408
1671108966.5852029 -45.467598942034321 -155.91563225966095 0.13478852225244042 -0.0072496934401868494 0.0193982125658483 0.73693804685809039 0.6756430021744152
1671108966.6847353 -45.450533828720822 -156.01341614104658 0.13178943267986171 -0.008493010163804068 0.017594559915856563 0.73544109976765171 0.67730693855317348
1671108966.7855694 -45.412163586114346 -156.12528064092024 0.13477941090017553 -0.0013289071251202389 0.019845069651091368 0.73706504484035151 0.6755290718325061
1671108966.885112 -45.396726305705307 -156.20773562299163 0.11759302852898829 -0.010858744187976055 0.016776032120238218 0.73803263837753408 0.67446903347037113
1671108966.9846523 -45.383793075857682 -156.28858443565966 0.11194993139579879 -0.0088534317095782748 0.020286461962723223 0.73993611234018464 0.67231289282810325
1671108967.0854759 -45.354412965575975 -156.36930252971052 0.11170251164883366 -0.0067053829637834959 0.018376131154729004 0.73880099850281 0.67363969616876351
1671108967.1850736 -45.348373886129259 -156.44472609471828 0.10683318747431031 -0.0072408547331449507 0.018858312844503008 0.73828271304088722 0.67418882346444942
1671108967.2859125 -45.344489712689075 -156.53328178819865 0.10728304882235817 -0.01175503882634559 0.019196097858503201 0.73855763823300769 0.67381447290547225
1671108967.3854201 -45.342543059524893 -156.60910519466401 0.10495659028403453 -0.011238439971848093 0.018009522421356616 0.73821762385859413 0.67422851793269989
1671108967.4849522 -45.34119051568247 -156.68797306130676 0.11621608330756417 -0.012062936164176561 0.018114651269894498 0.73681596046826414 0.67574298766594587
1671108967.5858593 -45.330546939083931 -156.7768966749087 0.11111713662222023 -0.012838828746041276 0.017932961043567772 0.73766076012015069 0.67481121535108013
1671108967.6853733 -45.279051211465898 -156.89337231932433 0.11371935426965346 -0.0020454766026816182 0.016554616986993238 0.73910702840693243 0.6733814381473221
1671108967.7848616 -45.284107159619779 -156.9524273000896 0.099083849568664895 -0.011395366351726933 0.016754443311442883 0.74039760131558596 0.67186369616251784
1671108967.8857803 -45.273106441581625 -157.0238345871806 0.098337524943053645 -0.0091200902111172617 0.021208753979411594 0.74136470534280885 0.67070514116201019
1671108967.9852905 -45.244005462099985 -157.10443476555943 0.094112902663648079 -0.0082935581194944728 0.020438302425880749 0.73986396757164563 0.67239482610800161
1671108968.0848031 -45.24057430819925 -157.1984472772464 0.092419607147015581 -0.010065243637257805 0.013513286604231274 0.73953971318905265 0.67290199477481716
1671108968.1856599 -45.241978262259813 -157.30271778915375 0.080280412440746907 -0.010123047445043708 0.022157172186528844 0.73885092929971796 0.67342845789591099
1671108968.2852144 -45.241490745845439 -157.34159341339617 0.071610084440931643 -0.011578391512709587 0.020185043562215149 0.73770720317952743 0.6747196360292248
1671108968.384743 -45.230840199842305 -157.44489054303318 0.086557106754556246 -0.010367648382655607 0.018960481456517027 0.73660028166312874 0.67598301536632599
1671108968.4856319 -45.209221550972757 -157.56142319369167 0.082548073831945623 0.002519803607348269 0.022514366446467059 0.73919184726463594 0.67311378446053938
1671108968.5851467 -45.185144775014372 -157.64482436996997 0.07556569575406602 -0.0066663606239650416 0.016554550248459643 0.74024220418785236 0.67210340397978352
1671108968.6846724 -45.162585532999039 -157.72969012546687 0.043487422846257617 -0.0073703178740757609 0.022663628101987583 0.74170254457655338 0.67030543317532199
1671108968.7855425 -45.140392484276745 -157.80593682084233 0.044944586886465465 -0.0069195094945074462 0.02038827011228346 0.74064871952823008 0.67154740196904772
1671108968.885057 -45.12833509271443 -157.89108852578698 0.044961564344912719 -0.006820317045402511 0.019247096339117059 0.74261826835689093 0.66940357039720522
1671108968.9859064 -45.111819507727027 -157.97270439619572 0.025670942457020174 -0.0094485349237746052 0.021923951470125103 0.74073268453822672 0.67137556970485746
1671108969.0854788 -45.10479875345677 -158.05129260809869 0.030602489138394529 -0.0087449841152933052 0.022148910301242962 0.74086132879447908 0.67123575777976063
1671108969.1849976 -45.092549959810825 -158.12229191174208 0.039214615824818555 -0.0098503838860839552 0.021180315527736023 0.73958392314496535 0.67265889185897532
1671108969.2858186 -45.067463830154388 -158.21924522568881 0.025779388295113947 -0.0089755654582434757 0.023293318460737816 0.73943845018779453 0.67276120497815917
1671108969.3853946 -45.031542271494864 -158.34990890527069 0.014775646979361678 -0.0047179718413788057 0.018888940316701033 0.74057661158031207 0.67168983247897951
1671108969.4849033 -45.036030970237405 -158.41579025256337 0.021297014623135269 -0.0040927432238005088 0.020840925914825691 0.74214661002569438 0.66990097364258738
1671108969.5857587 -45.008471029490231 -158.47403951584101 0.015605915064364595 -0.0035889340975902213 0.023445361247221685 0.74272470139429614 0.66917669753719367
1671108969.6853151 -44.988111850835381 -158.55042925576566 -0.0056515156775713837 -0.0043946829451021749 0.023923357483840217 0.74194865976973723 0.67001533265620405
1671108969.7848899 -44.950538590506461 -158.64201327820345 0.036801024328172116 -0.00056786492601376248 0.014574303721498949 0.74253495780692325 0.66964849259527959
1671108969.8856957 -44.972818931257727 -158.70843594396413 0.025405929675698213 -0.0010376196745692421 0.018593214426905442 0.74269079123091752 0.66937553312283538
1671108969.9852161 -44.956426238662004 -158.78282509625404 0.026859073350578466 -0.0026836235017724443 0.01989457080760243 0.74096689459723153 0.67124143594404084
1671108970.0847793 -44.945207992571589 -158.86303926673384 0.020446509484201569 -0.0036427516732703922 0.019517733740874597 0.74039345313572791 0.67188043801231478
1671108970.1856222 -44.927022000168265 -158.98705873979927 0.00088475436717266875 0.0011390228774559529 0.0232960806261104 0.74061621051671012 0.67152336070624929
1671108970.285198 -44.903266434626282 -159.06578774325251 0.0065418705023824186 -0.0062043255119266618 0.016042491079841365 0.74341659343364275 0.66860744344676037
1671108970.3846855 -44.907864324840901 -159.15204986163826 0.0030827130034565275 -0.003492043531772307 0.021464482964320745 0.74573925734429669 0.66588290386420323
1671108970.4855568 -44.884906583365797 -159.22347539195044 0.0067709700286387453 -0.0015252625192951914 0.019243107346778806 0.74415350463745178 0.66772968926780962
1671108970.5851035 -44.880180262301863 -159.3010719806671 -0.0084998937912286188 -0.0046783942442393351 0.017956989142756109 0.74553772301971466 0.66620504555489657
1671108970.6859603 -44.859820936492085 -159.39538823690563 -0.0033033425353468648 -0.003323335155912076 0.022016464735826934 0.74411030958278002 0.66768561306695562
1671108970.7855124 -44.857526520171014 -159.46322646607905 -0.0014082875788212768 -0.0052646016091050258 0.021733449368217302 0.74398470253578675 0.66782235927018274
1671108970.8850121 -44.845072894161937 -159.54566001674533 -0.0074634327843786652 -0.0068306142786459158 0.022201231823005096 0.74414196656357923 0.66761754142098928
1671108970.9858637 -44.819979617969693 -159.64874711292535 -0.019183420196920709 -0.0066982750879854168 0.023861772218860669 0.74382393529960456 0.66791593948103301
1671108971.0854216 -44.817595669965073 -159.74174170805514 -0.020814011044800296 -0.0087535441138386905 0.018964555029043782 0.7435981632929558 0.66830045089416179
1671108971.1849732 -44.801871027686261 -159.81377459436655 -0.018785156665369951 -0.0099200005486437277 0.014089858080190304 0.74615696047767932 0.66554703802143522
1671108971.2858176 -44.74174109743759 -159.91246940824391 -0.014727388272434527 -0.0074213246575520536 0.015140884866429526 0.74585077799666855 0.66589961293542776
1671108971.3853264 -44.736166750844937 -159.98915607769936 -0.02315489053577191 -0.0078459032995881247 0.015837073591073277 0.7452459907494372 0.6665553556707603
1671108971.4849005 -44.721852382510903 -160.06436122604458 -0.036240589853003713 -0.009688206320680683 0.014541165676731587 0.74530922781819797 0.66648994597675049
1671108971.5857141 -44.734767497058215 -160.13991936920286 -0.039074024990201073 -0.0096786730610750309 0.016335789366801357 0.74627336585363147 0.66536871634533046
1671108971.6853008 -44.720636147280409 -160.21550824367256 -0.047297438917681622 -0.012614477209686555 0.017921425525103875 0.74410738293885592 0.66770045688748836
1671108971.7848077 -44.716260220661106 -160.31256124431491 -0.045190559765324101 -0.012566431125221236 0.016706380280913046 0.7433181170192843 0.66861136587526737
1671108971.8856382 -44.65460369443521 -160.43524844487979 -0.038620680904761062 -0.0069566492151982556 0.012676345796215216 0.74695563855321034 0.66471662332344117
1671108971.9851956 -44.671318958332201 -160.52275442988275 -0.051117206184752406 -0.013161435450581512 0.014999176387272783 0.74677536365499064 0.66477692315734016
1671108972.0847263 -44.656859781076946 -160.5961378160298 -0.052391147710383001 -0.010483641465478637 0.017676455015173259 0.74810482536467326 0.66326224562069824
1671108972.1856194 -44.63693256121725 -160.68872025301309 -0.056426472150161944 -0.0091644674320743042 0.017335580829621385 0.74615230136237887 0.66548646368323094
1671108972.2850938 -44.634803374578055 -160.799854695265 -0.067935137373395349 -0.014809125758814812 0.0085901562265156464 0.7456132276088947 0.66615900040824327
1671108972.3859818 -44.62387075571548 -160.87705036827177 -0.074030548118054929 -0.011902869284007125 0.015896709878471318 0.74690630843317929 0.66463266752437677
1671108972.485496 -44.603888804637457 -160.94755411821305 -0.079165460652485531 -0.014224925862366143 0.017828840107840596 0.74519044921651889 0.66646153553007204
1671108972.5850387 -44.584869536921751 -161.02679808062612 -0.068111164974048788 -0.013236743603212711 0.017053923342651489 0.74477726126808685 0.66696385465436836
1671108972.684618 -44.611361627339946 -161.14678635400011 -0.071573447142541435 -0.0063026458504664117 0.013869618209314377 0.74690502622859201 0.66475618999786523
1671108972.7854128 -44.528298505662846 -161.22865405321718 -0.085550171609409253 -0.014206001408368788 0.01508995573886571 0.74732050627166802 0.6641404547726647
1671108972.8849652 -44.498216194683124 -161.30332273824513 -0.080023213718086572 -0.011798588597543723 0.018211634099339326 0.75012472356747362 0.66094026113058002
1671108972.9858727 -44.470821917866914 -161.37417477208226 -0.08905950324833406 -0.010817368736378109 0.018664153268337799 0.74926517576427565 0.66191867348136246
1671108973.085362 -44.472999244108912 -161.45227924654634 -0.097500127932429459 -0.013615959757405675 0.015853219042671739 0.75043580299731993 0.66061288714771338
1671108973.1849003 -44.462423097934014 -161.53736173099728 -0.097974584052339275 -0.013490666510797588 0.020448916962897263 0.74921832428911939 0.66186988620237397
1671108973.2857218 -44.440165812890044 -161.62338554761112 -0.10505847636461263 -0.013804020279579818 0.02120655965254812 0.74852213992284999 0.66262684589227239
1671108973.3852777 -44.430547292182595 -161.707888571544 -0.10348874929957103 -0.013979766341371333 0.019542160478751701 0.74828221020941743 0.66294524961038326
1671108973.4848433 -44.401405830169466 -161.81162866485118 -0.10729468413144361 -0.008894620623674852 0.023235072898886808 0.74880370209058222 0.6623247185835528
1671108973.5857 -44.377327564100732 -161.89896281866729 -0.11487554870788014 -0.017564483906430665 0.019874927883097471 0.7502791063411548 0.66058893325173229
1671108973.6852217 -44.378371258689093 -161.98475822005719 -0.11457439606860292 -0.016094450525540104 0.022304286607888069 0.75372810222418307 0.65661056599686674
1671108973.7847667 -44.337053015685825 -162.06199727130831 -0.098621796678006746 -0.012638737952361345 0.02095909566792694 0.75352945017116646 0.65695840533209804
1671108973.8855901 -44.320717578181814 -162.14615519396514 -0.10548487964868553 -0.014276050818690461 0.020695809353504305 0.75232081838692921 0.65831699360554796
1671108973.9851584 -44.290538859044204 -162.24045105049461 -0.11844301491454251 -0.016118767439113408 0.019998478023843892 0.75341300451029025 0.65704572964729835
1671108974.0860391 -44.292192752537368 -162.33279072951376 -0.12180278913080705 -0.016205785590364695 0.019714194247618232 0.75287548670169113 0.65766802003918201
1671108974.1855631 -44.294221635965677 -162.40479089409857 -0.13114405041430155 -0.018038004642581908 0.020454719593903912 0.75122074718960363 0.65948739474439
1671108974.2850525 -44.260985983074598 -162.50268382595925 -0.1296656517080963 -0.017717645465616036 0.021212897873662814 0.74986526856240288 0.66101299306957007
1671108974.3859348 -44.177530600325902 -162.58685495313108 -0.13377072566226128 -0.015370080833499005 0.017889072579715618 0.75198527650854641 0.65875783533235821
1671108974.4854455 -44.205133608352206 -162.65663567988574 -0.13993179414942869 -0.016216754399383172 0.020284059306958594 0.75201845946986501 0.65863025320080237
1671108974.5849502 -44.180650528492407 -162.72344052994549 -0.1288845159053803 -0.012924661551735434 0.02205455936362323 0.75376032163615736 0.6566520593602112
1671108974.6858983 -44.162934539329633 -162.80506661635786 -0.14003381787389524 -0.013432659240741598 0.023784840036981822 0.75300531143348504 0.65744721917664095
1671108974.7853727 -44.156520543526767 -162.90344723035545 -0.14960096864961098 -0.016182811816613102 0.015733290801106171 0.7537112903586457 0.65681798920871592
1671108974.8849237 -44.154145069857684 -162.96370168345123 -0.13072954066544779 -0.010435128805997018 0.016042541503342576 0.75253793129234958 0.65827077021173097
1671108974.9858117 -44.136885157900721 -163.03429122920335 -0.13105591469332589 -0.013160791903088321 0.016403789157550763 0.75118094614958408 0.65976124120743418
1671108975.0853124 -44.133923733158596 -163.11111407265366 -0.15213074785918002 -0.016248555733815773 0.020896894861355694 0.752551237658034 0.65800147334263581
1671108975.1849165 -44.127295245070755 -163.25583996720314 -0.15866555186733611 -0.007614098839400979 0.022931885101373832 0.75269067336296192 0.65793077476051631
1671108975.2856936 -44.073062925446408 -163.34803982546478 -0.13543158415555961 -0.0091626150416520852 0.016834781413338454 0.75506834468349782 0.65536587603970209
1671108975.3852215 -44.061923954387382 -163.41783693740814 -0.1319779307864607 -0.0080543903759665199 0.019099999131040168 0.75679760589586198 0.65332051899443466
1671108975.4847775 -44.04136438791528 -163.47495255210848 -0.12347014350444085 -0.0044503147287226485 0.020100569739628128 0.75723207580079965 0.65282137309785571
1671108975.5856438 -44.027249832443893 -163.55089671539665 -0.13833579156100761 -0.0074024431685222438 0.020639950684414151 0.75778374805645476 0.65213724587113808
1671108975.6851704 -43.994878643119705 -163.6253711895734 -0.14374249740913519 -0.0084175280015423518 0.019521390429653528 0.75873186557198879 0.65105607800226051
1671108975.7847099 -44.007158016433564 -163.68584733371884 -0.14496997289434088 -0.010069227890006012 0.019576083532370905 0.75782718066048149 0.65208385339265906
1671108975.8855777 -43.994486655430492 -163.79296277266593 -0.13557557199895387 -0.01024807020053517 0.017909981741002619 0.75570951597571745 0.65458180319571158
1671108975.9851136 -43.972537225324288 -163.89632331388592 -0.13997839084118613 -0.0089126040414817462 0.019882286139835826 0.75690108476963502 0.65316614123942707
1671108976.0846457 -43.96732442445122 -163.99114079387783 -0.16008403641060004 -0.0069151364340110603 0.020027295174144817 0.7597265456204414 0.64989742591868926
1671108976.1855128 -43.947855791192872 -164.07234971857667 -0.15868586808182306 -0.010442417564711185 0.018204248916413434 0.76142598786621341 0.64791205131464791
1671108976.2850051 -43.925736361297965 -164.1474769069001 -0.15012105148881683 -0.0071978206091297412 0.020635505946466733 0.76279465164571392 0.64627137233015852
1671108976.3858581 -43.890311507728697 -164.23387205965818 -0.16668441689535984 -0.0069510176246310286 0.022807506165394675 0.76075559852448449 0.64860035486434231
1671108976.4854188 -43.835580581956542 -164.32495040063262 -0.16791531499885032 -0.008130942044033437 0.014095327492323919 0.76065346172920423 0.64895417456376625
1671108976.5849347 -43.854109504252669 -164.40182231208087 -0.18847197330594068 -0.0074596950437741246 0.024250046234544652 0.7593786957648766 0.65015404684267886
1671108976.6857924 -43.845816586405036 -164.47529049336762 -0.19045498488098389 -0.010160695972820774 0.022770931820529229 0.75844601815549562 0.65125869089436828
1671108976.7853599 -43.81608359968066 -164.57487243834288 -0.20277270029187211 -0.0080570976183688119 0.02358616790791487 0.75741057081735219 0.65246302812919632
1671108976.8848479 -43.772372015408429 -164.69029373859911 -0.19662536357715732 -0.0041782722951262553 0.021117687934483383 0.75946815899956466 0.6501882041091962
1671108976.9857368 -43.746836231265959 -164.76909856259823 -0.20656795567125091 -0.0097900276713029869 0.021590950438873199 0.75937493450346771 0.65022126623572996
1671108977.0852828 -43.729280900635572 -164.83588514344544 -0.20724170553013693 -0.007746129856131905 0.025197923088185147 0.76146680982024495 0.64766763056869958
1671108977.184788 -43.699364238785208 -164.91292647795677 -0.21289246216043844 -0.0075546207231177729 0.026398853034394376 0.76013975519985777 0.64917915926876368
1671108977.2856631 -43.676441868886911 -165.00251981982439 -0.21649409508667894 -0.013561399861720962 0.019917773009012384 0.76025885736490018 0.64917319765249704
1671108977.3852 -43.643602271693574 -165.07704054905622 -0.21176714363619692 -0.01261252118759087 0.024138245345658706 0.75932320975688306 0.65014347073967482
1671108977.4847465 -43.641654684635995 -165.16719655603765 -0.21431175285875809 -0.012843072749801036 0.02584012094297997 0.75791128964618293 0.65171912712368307
1671108977.5855637 -43.63540150930546 -165.25293179838658 -0.21916569815352566 -0.013533238142474858 0.023691530922498691 0.7575623295218803 0.65219236404400627
1671108977.6850898 -43.594889770420643 -165.36281684707404 -0.23163367473334084 -0.0051106159416534234 0.026487864919522052 0.75932619939270618 0.65015074985154875
1671108977.784668 -43.59283690282814 -165.45221624554694 -0.24144957601875072 -0.017669846819181226 0.024212542398724696 0.76196787918751252 0.64692076824790568
1671108977.8854637 -43.560923449419441 -165.52787217349112 -0.25274576148614297 -0.013305321620540071 0.028333279128921352 0.7626770595990725 0.64602159133552928
1671108977.9850774 -43.522270151082424 -165.6027592074856 -0.24630030066967018 -0.010199807085642172 0.026696261715026728 0.76146824237079069 0.64757191832768446
1671108978.0858965 -43.499405269755421 -165.68674014350921 -0.25165101517736921 -0.011164214320238289 0.027017664878399562 0.76153064522123659 0.64746929077142878
1671108978.1854539 -43.48347251031548 -165.75521925542355 -0.26140878886953006 -0.014707590515629258 0.026323082214287766 0.76249891247762258 0.64628646171369508
1671108978.2849717 -43.4741842032671 -165.82698884149491 -0.25214458430781966 -0.013949720172618064 0.026291123335173774 0.76040959912737127 0.64876145361437054
1671108978.3858175 -43.47709138132781 -165.897535664092 -0.24136058974564084 -0.015333445163141652 0.026171703333958591 0.75833775330603181 0.65115572585579617
1671108978.4854083 -43.454767889455702 -165.9838451748237 -0.24983621306642895 -0.015907009829038976 0.02723100888077765 0.75820880147323133 0.6512486871865153
1671108978.5849223 -43.397297002331165 -166.10426985328047 -0.24167465829551227 -0.010150604314049679 0.028286616832773996 0.7583869656139387 0.65111139056777223
1671108978.6857736 -43.402589043094594 -166.1824236689225 -0.25078481419086457 -0.016647574370371596 0.02510983304486554 0.76087280660239798 0.6482013010824893
1671108978.7853274 -43.38481412048079 -166.24285085397364 -0.25313113678246746 -0.014394655925420252 0.028768976475150972 0.76163187675806987 0.64721095801859063
1671108978.8861306 -43.367889239832017 -166.31450993434191 -0.26399290892779836 -0.015416315745096587 0.029599536455588788 0.76013118404242863 0.64891200304564967
1671108978.9857211 -43.37280876224488 -166.40988125288786 -0.25254317845366908 -0.017516855393582303 0.024645566008857669 0.76086957237040975 0.64820000747770168
1671108979.0851831 -43.366803046065193 -166.49379323928059 -0.24947178026288758 -0.018679686142952834 0.029752221855253551 0.76189815827701524 0.64674343524644251
1671108979.186101 -43.360809229894357 -166.55906971374452 -0.24620586198568351 -0.02033918730373192 0.029462605790645021 0.75965860152931575 0.64933587721792618
1671108979.2855968 -43.361548470655272 -166.63385950421392 -0.23702044384107007 -0.020412675477862015 0.02788060767603286 0.75967548073729019 0.64938367577420508
1671108979.3851643 -43.33112278273255 -166.7146716421455 -0.23428553396463403 -0.015850494828890473 0.03191849899352734 0.76045923804009197 0.64840706235756074
1671108979.4846797 -43.305153538025543 -166.80625894920229 -0.2313924361873419 -0.022064781989642721 0.02873488042179357 0.7604006387785418 0.64844299717714637
1671108979.58552 -43.279055940825494 -166.87639454789161 -0.23518320811316379 -0.021336031196115979 0.032120347919600868 0.76194619536324926 0.6464913397670472
1671108979.6850889 -43.223656196520849 -166.94855860684515 -0.22634684034734975 -0.019377205472103316 0.032257974403216094 0.76085627224666486 0.64782843406136714
1671108979.7859442 -43.194792679000273 -167.02182221359016 -0.22191215255707508 -0.019592358511879022 0.032363842679147346 0.76032930146594202 0.64843509660358001
1671108979.8854609 -43.205098705957454 -167.12398715493978 -0.22139912355989227 -0.022702850675629105 0.029336535930638941 0.75953055990392215 0.64941302481766172
1671108979.9850044 -43.198059399010987 -167.19869171425105 -0.21764003109857449 -0.023682820207846938 0.03163725161436115 0.75947801113018532 0.64933147078131892
1671108980.0858083 -43.192277526847271 -167.28623341093362 -0.20983573094904434 -0.025222130389648007 0.031034816878285808 0.75711121451973862 0.65206080477850037
1671108980.1854067 -43.192618175276927 -167.36577214666605 -0.2060381030924619 -0.025612597875833133 0.031798542012958265 0.75736729428140315 0.65171130810257338
1671108980.2849607 -43.133461193964628 -167.47388147677182 -0.18938993792608388 -0.0183353177576537 0.030523060736234099 0.75961730686196882 0.64939487679053032
1671108980.3844132 -43.112083801847554 -167.53550216578842 -0.1947652030184866 -0.024890562006632956 0.028872090167499812 0.76168690840139608 0.64682294014844344
1671108980.4852705 -43.077681980426611 -167.61210549805762 -0.20104591115266096 -0.022915809523309634 0.034031767945598076 0.76304656245642699 0.64504003594181514
1671108980.5848496 -43.055585328689588 -167.67886056306958 -0.21167230668216958 -0.023507176147494882 0.033684194982800959 0.76729359768990502 0.63997915795907978
1671108980.6843669 -43.044081813894401 -167.7681665619433 -0.20030839504376063 -0.024985041112483317 0.029081831530459366 0.77351751087378551 0.63261414398277926
1671108980.7852838 -43.043575238602656 -167.85097648521364 -0.21446147191673526 -0.026109689913649019 0.03168940624009748 0.77889139452791889 0.62581327978488654
1671108980.8847532 -43.048684430965778 -167.91713817214071 -0.20652767816409473 -0.027046682959639086 0.033006064287725526 0.78380555140524344 0.61953848488002561
1671108980.985642 -43.068515011338889 -167.97530768821537 -0.18853022367805256 -0.027963627615163873 0.027768467878650407 0.79088550614323982 0.61069391997532108
1671108981.0851889 -43.015780991796404 -168.06006183883548 -0.20131208146698781 -0.026638480689955349 0.027731740492484117 0.79649451729050746 0.60342176447485807
1671108981.1846905 -42.977000073746595 -168.17502507930695 -0.2138303385831416 -0.027409837941423633 0.027571675531211221 0.80296706742404034 0.59475406020040134
1671108981.2855511 -42.963377359027419 -168.24145018912853 -0.21268752848934391 -0.029915888717948692 0.021741193777571791 0.81112048392322211 0.58370876355893375
1671108981.3851347 -42.941209583196787 -168.31198826005459 -0.2105089973658324 -0.028251330447738809 0.023171270620627484 0.81759235366145278 0.57463701393147637
1671108981.4859111 -42.920915059285612 -168.4052320328623 -0.2138556117545814 -0.029743113333707997 0.021808049493331594 0.82153515917309738 0.56896374087365897
1671108981.5855131 -42.834228119674322 -168.47917283119261 -0.19872435725554832 -0.029427460889103758 0.013301154344223562 0.82693253749469686 0.56137303308166953
1671108981.6863687 -42.845162002734092 -168.5700637351066 -0.19793608466051527 -0.027272429005646217 0.020727512085850403 0.8301889818732161 0.55642864702958628
1671108981.7859149 -42.817339799598606 -168.64621859714984 -0.20590073386351587 -0.031377742642026175 0.020123072110526243 0.83161593500230147 0.55409876004713587
1671108981.885396 -42.804554691462961 -168.69642323853074 -0.19543519067671161 -0.029323120774342275 0.018791995642725944 0.83583082022389521 0.54788124210604905
1671108981.9849906 -42.75047349295933 -168.79713594144732 -0.18788839708343152 -0.018313382650480992 0.021418142803886975 0.84021735832891231 0.54151701167877753
1671108982.0858216 -42.696019955410812 -168.87935497826786 -0.19094087623516109 -0.023595274741731981 0.015553245973128663 0.84410824117552319 0.53542752705583407
1671108982.1853642 -42.700273388335106 -168.95676952459067 -0.20052791685014976 -0.02546490873760306 0.012441559775686787 0.84871938585356343 0.52808346886612934
1671108982.2848668 -42.65839210704565 -169.00911806186883 -0.18733220615759499 -0.020773659752307723 0.01722358033648776 0.85226582349472468 0.52241245146315818
1671108982.3856966 -42.613935980384049 -169.08706995340884 -0.19125541153214881 -0.02118105537414823 0.014288601009305324 0.85474178281151281 0.51842423119548675
1671108982.4852822 -42.583881436118482 -169.15628535166979 -0.21210773209966727 -0.021341075306826295 0.010144764154968641 0.857454265450734 0.51401733912907199
1671108982.5848117 -42.52275300788358 -169.21486993348449 -0.20564912098962823 -0.021673282237907543 0.013431056982314733 0.85839429571629233 0.51235642733072462
1671108982.6856771 -42.467989758819343 -169.26855971750319 -0.19834950789660216 -0.023657801835801809 0.012330080563790383 0.8614570885349716 0.50712913753642641
1671108982.7852349 -42.423359814083575 -169.35123618168831 -0.20657628663573419 -0.024829139854477274 0.01019771855150273 0.86757437352218514 0.49658254777833183
1671108982.8846865 -42.393645790623125 -169.43595536910146 -0.21618317278344196 -0.021704234343694437 0.0096656323263602257 0.87560779855349902 0.48243806325328503
1671108982.984273 -42.362326681366561 -169.46830095253139 -0.20890300424471503 -0.021609241710366201 0.0089319369335053422 0.88652784487432645 0.46208401989010717
1671108983.0851181 -42.304610964193195 -169.52336555287539 -0.20956281280345296 -0.020487432877286889 0.010682884665993196 0.89360401643478427 0.44826108785052232
1671108983.1846676 -42.281372590799627 -169.56361921501011 -0.22042071457291035 -0.02123982925919796 0.010597927371876835 0.90039088661934585 0.43443389011596328
1671108983.2855368 -42.246616287536916 -169.64932308747694 -0.21763847814463089 -0.021278399627065965 0.0031999615768302896 0.90813601123692267 0.41812196193205353
1671108983.3849998 -42.173518256995827 -169.70887480843066 -0.21773758623921324 -0.019516919468840006 0.0084470646004548011 0.91482517594302304 0.40328976482784612
1671108983.4858899 -42.136650178441407 -169.72247877711951 -0.22099497560709724 -0.02470426717566054 0.011802506317431471 0.92246079587726804 0.3851187869961914
1671108983.5853617 -42.119099005012217 -169.74406610828638 -0.22694257027572023 -0.024807712060153479 0.0098584409648521127 0.93072406352346693 0.36474663280481234
1671108983.6849923 -42.129050408646464 -169.74363206806481 -0.23740158674195416 -0.028680513108456516 0.0085505935848666312 0.93926036719349193 0.34189805225641295
1671108983.7858863 -42.0693909179464 -169.80655975199119 -0.20181831128671773 -0.025462101747058142 0.0024199410343274746 0.9469561311586373 0.32034342653015135
1671108983.8853347 -42.035009663234653 -169.88384107521176 -0.21180328002274046 -0.027852564126593916 -0.0044597917330031654 0.95332776893633653 0.30061688226734556
1671108983.9849167 -42.013887696787712 -169.92509682223684 -0.20333053652048116 -0.027269211855419525 -0.0028904366953658002 0.95950256481066976 0.28036202236080571
1671108984.0857735 -41.969145513227581 -169.98786307075378 -0.21114726579487331 -0.029147252508486213 -0.0051000990110970645 0.96379193195945367 0.26500856316569743
1671108984.1853356 -41.892816277742384 -170.06941655569617 -0.23278064686059963 -0.030680440710364371 -0.010691003670811855 0.96905236988492371 0.24470782050997392
1671108984.2861419 -41.812435215568541 -170.08246344232782 -0.22639978653043513 -0.03144461424148496 -0.0049880752680478892 0.97118349929063741 0.23619687983950366
1671108984.3856649 -41.775505742782357 -170.11922597023752 -0.2155443989343942 -0.033682808196546989 -0.0064172599924695265 0.97314375942246722 0.22763020604324655
1671108984.4852428 -41.688845815402267 -170.13480891533325 -0.2282400991603733 -0.036519962559186471 -0.0087831212648201273 0.97575552725736303 0.21561609434879547
1671108984.5847962 -41.593546277052162 -170.17493127447833 -0.2243076824717225 -0.031303183616513477 -0.0050044750995137353 0.97870042172024552 0.20283133497825942
1671108984.685617 -41.546516698241234 -170.22016201760323 -0.21122376740500337 -0.033105360110722376 -0.0092575411783634518 0.98131999991057028 0.18928653105487656
1671108984.7851734 -41.486374770835042 -170.26539481680095 -0.22644687448143969 -0.035272801409333608 -0.011095628210646229 0.98390808440697797 0.17480731664876042
1671108984.884661 -41.386393203273414 -170.28320264192186 -0.21994675447791817 -0.033675997084753218 -0.0076424171936653575 0.98591708035068271 0.16363077752235677
1671108984.9855099 -41.344913894483447 -170.30822475191354 -0.22518097294569023 -0.034114643867146029 -0.0088208751747241559 0.98848689151787883 0.14714635072706025
1671108985.0851002 -41.293272439739106 -170.3555824130602 -0.21841170505583296 -0.031313445259612056 -0.012611146650834246 0.99058055230192033 0.13270492276983156
1671108985.1846583 -41.266090093100068 -170.35171625214033 -0.24069825123697525 -0.034562799890693309 -0.008073398676256888 0.99259998621257295 0.11612708757361466
1671108985.2854495 -41.241589880061149 -170.35916030689626 -0.23973693636059767 -0.039082037870115542 -0.010239846804959356 0.99398202188067664 0.10182082317154915
1671108985.3850124 -41.180273912712934 -170.36673506898134 -0.23651445867419252 -0.040304749508062052 -0.010913421695428742 0.995463361003738 0.085493399120234598
1671108985.4858499 -41.128594727078081 -170.35499125920012 -0.23027981237322104 -0.040183154714154609 -0.010116202189459668 0.9969694435417592 0.065839996768798412
1671108985.585433 -41.061292020469907 -170.38612102605106 -0.2059166272133589 -0.037911790484809485 -0.017482313466441669 0.99802342451146808 0.046971363451563927
1671108985.6849597 -41.014344995057584 -170.39412508016676 -0.20639235826879748 -0.041048344250578829 -0.017703178428658203 0.99842071650561459 0.034025046072331686
1671108985.7858019 -40.979431754367056 -170.35448506934569 -0.22516196279302242 -0.043661293572405543 -0.013525778058469193 0.99880589446771095 0.017249056439497635
1671108985.8853238 -40.913467986897196 -170.35380956251583 -0.23354181858971718 -0.045071882474387599 -0.014523182149270902 0.99887427084426783 0.0027917084028017641
1671108985.9848709 -40.858370096806439 -170.42383946190253 -0.21994715986400848 -0.041099669062288638 -0.018647668398290865 0.99892030343012128 -0.011014039284118598
1671108986.0856986 -40.820450875081121 -170.38255677793623 -0.22920568715110429 -0.044399624289878439 -0.012623834753011622 0.99861165869016377 -0.025378480788378836
1671108986.1852884 -40.771586306142808 -170.40105345722438 -0.22699068825840962 -0.04861201109950361 -0.014456216994997344 0.99789177064047307 -0.040495731319198335
1671108986.2847669 -40.713866015294194 -170.43295021373629 -0.23333176512196668 -0.049490112838481384 -0.015483887219140131 0.99701934665413983 -0.057126179332871764
1671108986.3856289 -40.609996656063196 -170.42233784379064 -0.2086699147865177 -0.04711104093262574 -0.013398272734023936 0.9958138544662426 -0.077173851550082134
1671108986.4851725 -40.571295852139592 -170.41871285995393 -0.20035500949546703 -0.048650437371536383 -0.018306120805567528 0.99404093006978667 -0.095815709727599549
1671108986.5847402 -40.523584047573806 -170.40918833227008 -0.20433629346415405 -0.049882674238442191 -0.017954395833427745 0.99191039296771644 -0.11533919890353159
1671108986.6856098 -40.426166261738537 -170.38542439402045 -0.19274251214861871 -0.050336255996836769 -0.017242272897652861 0.99022388161513619 -0.12894041118515384
1671108986.785131 -40.370135470539331 -170.40243841503562 -0.19923459376618274 -0.051876650570831545 -0.018867433415528091 0.98814246679730167 -0.14327350904338923
1671108986.8859386 -40.287853691720962 -170.36013817635774 -0.20353253090977674 -0.053401807792948765 -0.022608691567833444 0.98598849428094837 -0.15640902510924271
1671108986.9854774 -40.223141885325312 -170.33195404760539 -0.20578930842727428 -0.055469502941187479 -0.019194864609987275 0.98341761415511297 -0.17159396139004174
1671108987.085063 -40.164405292636154 -170.33231627396344 -0.20699542344510563 -0.058498834990372742 -0.021174841380985014 0.98185143875830394 -0.17915709476743494
1671108987.1858931 -40.10184672833681 -170.30827518875003 -0.19603743435889492 -0.058602076119001409 -0.021060790992356911 0.97994299289585074 -0.1892986276538785
1671108987.2854285 -40.047222263357042 -170.28520236174165 -0.17721416060403 -0.059780733209614155 -0.017651923152151593 0.97758171885376588 -0.20111851359053981
1671108987.3849654 -39.951475298175218 -170.24943399404586 -0.18535751788094645 -0.061492640481471697 -0.020245293357055993 0.9757453856218854 -0.20911653617325796
1671108987.4858131 -39.890929089564082 -170.18998348999023 -0.17525969795621937 -0.062199685005020988 -0.0189550239294352 0.97306030765048701 -0.22119119315255359
1671108987.5853763 -39.815250875297188 -170.14506786310673 -0.17315263872668157 -0.062268860581897775 -0.018292127907109493 0.9714365330894964 -0.22825216151774305
1671108987.6848478 -39.753468458122015 -170.10484444553853 -0.17468419805616148 -0.062929217213083075 -0.021186975568908629 0.96874948977046016 -0.23898839251449905
1671108987.7857201 -39.685088864147666 -170.06900706840753 -0.17611426364108929 -0.063457926495647146 -0.019575528038888998 0.96641393487976146 -0.24826195185144237
1671108987.8852694 -39.620987424540523 -170.04706802694798 -0.16577970796832825 -0.064836492610878205 -0.018170155853110475 0.96356628754722085 -0.25885533443346248
1671108987.984818 -39.584498152703048 -170.03837344720662 -0.16431877518761911 -0.065051245991306558 -0.019895157247717236 0.9605359488571491 -0.26970949012996087
1671108988.0856943 -39.496363228720426 -169.98847694177329 -0.16352188027612874 -0.06581627663489116 -0.021249610387489348 0.9566720797448518 -0.28283423347423731
1671108988.1851845 -39.41884155577123 -169.92906753873825 -0.14548541836794476 -0.06479710436738001 -0.017475392847946761 0.9523494738903201 -0.29753390645646316
1671108988.2847424 -39.363563823640348 -169.91606290235222 -0.14573550331126905 -0.063797116097906781 -0.02017121906793657 0.94746122998010718 -0.31279428956342209
1671108988.3855748 -39.318557075995209 -169.86696391007601 -0.13341002468317753 -0.06529210478920891 -0.015859136594838199 0.94255252507452492 -0.32723105951956682
1671108988.4851508 -39.266681045717 -169.85679424859882 -0.14172839165292683 -0.064526111454455762 -0.017189445592246593 0.93887758768762253 -0.33771256896755991
1671108988.585979 -39.167930286762122 -169.78868629792035 -0.13910488756857819 -0.060888298431111987 -0.025093636312105531 0.93383774065893455 -0.35158213642307856
1671108988.6855025 -39.122162562775614 -169.73745747223199 -0.12811534290164717 -0.065973890458275883 -0.020419287463178004 0.9283718201868304 -0.36517976663595014
1671108988.7863774 -39.057267640531066 -169.69886095314621 -0.134724508227408 -0.069977323298024544 -0.022820100739776857 0.92492769055334512 -0.37294930550133171
1671108988.8858905 -39.000318112921718 -169.67859996718764 -0.12423906099870813 -0.068172716442376852 -0.024458718730107496 0.92178396220081116 -0.38087869307736599
1671108988.9854426 -38.938103268930313 -169.54947601085306 -0.11963414542227985 -0.068446706012413802 -0.018725893830367685 0.92100514562111957 -0.38303251960600465
1671108989.0863018 -38.902153972929717 -169.47337002361417 -0.12090346034839755 -0.070298229330521142 -0.022986275986733657 0.91975220146850001 -0.38546812833631655
1671108989.185823 -38.862826980060341 -169.44558708555101 -0.11418984677605337 -0.067541169636175305 -0.023933865311753906 0.91907599417056751 -0.38751087395684686
1671108989.2853386 -38.802682266220451 -169.36526951333582 -0.11201860232055194 -0.066964945998900474 -0.021821524520661977 0.9194265996376132 -0.3869034051979573
1671108989.3848946 -38.751586859989168 -169.34906650973261 -0.11333601547554145 -0.06611619510919553 -0.022435865389257122 0.91901735005660823 -0.38798503963870512
1671108989.4857531 -38.687443960839509 -169.26055675439835 -0.097397545858100176 -0.065525109425158864 -0.021329760513317638 0.91973008321551142 -0.38645578709556661
1671108989.5853348 -38.636250139519575 -169.2327741087675 -0.090449904853478202 -0.066344541684699193 -0.020112482095532423 0.91949311331629846 -0.38694483381549993
1671108989.6847796 -38.577952349486949 -169.16707576913834 -0.09043342239819474 -0.067308054025064429 -0.021903769604590041 0.91986358475274976 -0.38579895824935667
1671108989.7856867 -38.50319300801754 -169.06531381794511 -0.081587033105641693 -0.067340427229706165 -0.017121760805765111 0.92029531303802914 -0.38500473888988257
1671108989.8852258 -38.459438796564939 -168.94427821994424 -0.084181551402434773 -0.062576534255306515 -0.020390219935671191 0.91990853625594238 -0.3865704349986156
1671108989.9847531 -38.402349470007422 -168.86631069159804 -0.060312374024465765 -0.06409060922289031 -0.021090034382406742 0.92008809705774164 -0.38585683603099658
1671108990.0856595 -38.340991469877956 -168.81693117353021 -0.051576625726744596 -0.06368567376670424 -0.017915562073789387 0.92223926265288492 -0.38091719574459237
1671108990.1851311 -38.288990496614574 -168.76098051304817 -0.05064142842516306 -0.0631455297436639 -0.015747216311827215 0.92498347136792214 -0.37439316893870928
1671108990.2859914 -38.216379309991005 -168.70459607194363 -0.044558633922413049 -0.059568739518142629 -0.022130672895518819 0.9280473301965203 -0.36700129632539746
1671108990.3855472 -38.16697987079322 -168.63833674017192 -0.048628906349651613 -0.061805448200561205 -0.01966388789520138 0.93129543503655976 -0.35844418082267382
1671108990.4850974 -38.12414984180927 -168.57943652500808 -0.043649614363536315 -0.063162767239115639 -0.022225153785890725 0.93497018996120485 -0.34834932360749526
1671108990.5847111 -38.08268809365034 -168.57220259053111 -0.032740762414550484 -0.064721184826995834 -0.023452391396704145 0.93787593846610029 -0.34007334152899626
1671108990.6854753 -38.021012058460713 -168.50626829080284 -0.022242110893130385 -0.062584597216043258 -0.01054969191602307 0.94226307888354366 -0.32880413982291573
1671108990.7849555 -37.964551163092253 -168.4069620838344 -0.021645611066557546 -0.061657676061874556 -0.020137548959343249 0.94451436480124795 -0.32200221239714188
1671108990.8845186 -37.943676174145935 -168.3748250101298 -0.020399215171346519 -0.062363040784253344 -0.019956990208972555 0.94624820371635665 -0.31674422907056887
1671108990.9854603 -37.908652151381972 -168.38741493594944 -0.017827319574169886 -0.061706294472037126 -0.018123525223998353 0.94983824959940633 -0.30605746299334258
1671108991.0849152 -37.880588155472282 -168.2963030233264 -0.0059008249841631111 -0.060676609128015674 -0.015121265697973231 0.95332803385718234 -0.29539017636071846
1671108991.1857924 -37.780800669163469 -168.24906572554707 -0.0035602320380510033 -0.059026173925446068 -0.021940610842789407 0.95579578381588137 -0.28720887874046158
1671108991.2853339 -37.748692454817892 -168.17962533519864 -0.0020889217130840576 -0.059912424560147171 -0.021679908015869331 0.95771275380165932 -0.28058290072167691
1671108991.3848448 -37.667315159183744 -168.1401825737685 0.0097047761034219637 -0.060080879922901287 -0.022060753644739813 0.95979546856606079 -0.27330618276279772
1671108991.4844015 -37.58661176246703 -168.08191864796578 0.014112218048423442 -0.059899406699351579 -0.021457655945287028 0.96056452192942032 -0.27067956939692295
1671108991.5853243 -37.495849823704361 -168.00562260315269 0.025165041430667001 -0.055149163372671679 -0.016238749465068217 0.96229255530044266 -0.26587198199217887
1671108991.6847835 -37.422483974432943 -168.00557208866775 0.020182230152562208 -0.05602038586114267 -0.023111476188202525 0.96415643848906696 -0.25832138540285221
1671108991.7856307 -37.369135104605554 -167.96636633060575 0.020773879085108526 -0.057051706554939262 -0.021684903339413683 0.96495007483873074 -0.25523757720025736
1671108991.8851478 -37.309951271486284 -167.92302639456986 0.019059826298057969 -0.056995111510240518 -0.020675267679895758 0.96643791855341654 -0.24964342601486567
1671108991.9846783 -37.238341177880763 -167.88714472367465 0.033608709441870388 -0.050445737595284153 -0.024244902399618875 0.9667536443635858 -0.24950912483479692
1671108992.085566 -37.198763820531966 -167.87182419516444 0.039744465504586601 -0.053983358282593638 -0.020981318726499863 0.96752115155411877 -0.24606585010606835
1671108992.1851344 -37.117587009221317 -167.81517403642835 0.035321786450594583 -0.055668755699362901 -0.020629755086951133 0.96873345708953262 -0.24089601897769
1671108992.2859416 -37.026038088086246 -167.7229630942166 0.036859471160918367 -0.056031920858788414 -0.0234263039977675 0.9698373268647853 -0.23606607453347947
1671108992.38555 -36.965352355390785 -167.71719859699309 0.049057764276862093 -0.055760724989355796 -0.020325938403355785 0.97273389199972304 -0.22420163498903298
1671108992.4849992 -36.883210388845207 -167.64543504807949 0.046751577813923306 -0.057976276470183635 -0.024779948573239018 0.97363453208853035 -0.21922705909651991
1671108992.5859125 -36.799126497638227 -167.58928260273336 0.059752933428436461 -0.057341698197762386 -0.024694366643571022 0.97583728449767859 -0.2093889015398534
1671108992.6854317 -36.676840689814092 -167.5572330346763 0.082663904705643609 -0.056117046075356565 -0.021577134657434681 0.97801463062050165 -0.19968146306554091
1671108992.7849689 -36.674802217215301 -167.51646407256126 0.074722230781614718 -0.056113661234607135 -0.017778509136577799 0.98009883329929726 -0.18958232671081104
1671108992.8857946 -36.614158467218282 -167.51524517887233 0.074416204187273904 -0.056314200217446944 -0.022287789336718225 0.98259406826492712 -0.17561566647349861
1671108992.9853673 -36.540427017852664 -167.42927897163034 0.089345514750480581 -0.056170399024682453 -0.019806019158843446 0.98476772736432561 -0.16335584170818232
1671108993.0848539 -36.482510533401367 -167.39728963198363 0.087451048421114619 -0.0571854221569673 -0.022062204330431059 0.98683413919491536 -0.14967120081111851
1671108993.1857853 -36.445704269862176 -167.39350848647058 0.093545569601654943 -0.055981332396461574 -0.022702086876574011 0.98876303730766346 -0.13674195306740866
1671108993.2852731 -36.356943156903981 -167.34961399819554 0.098360946083813849 -0.052881436731815834 -0.015568816728473987 0.99089845413987554 -0.12280642970976341
1671108993.3847938 -36.273628829464315 -167.29046852716206 0.096285653536766713 -0.056388501016924046 -0.021570170771018391 0.99201566506262429 -0.11072481635267049
1671108993.485652 -36.210121173542738 -167.28359007049949 0.10134090134650464 -0.056800082405118399 -0.020433548595404777 0.99290088121222297 -0.10248932050980766
1671108993.5851817 -36.154877161419392 -167.29553282458781 0.10597874948084351 -0.056487154131627998 -0.018051207999505318 0.99350600142314527 -0.097103967190128843
1671108993.6847496 -36.040924527025226 -167.24079091043322 0.1086051062889396 -0.057367191999169259 -0.015152135086597511 0.99373046668380127 -0.09475852293510359
1671108993.7842507 -35.95068568042219 -167.22826667170375 0.12964107136204833 -0.057023990500767126 -0.019510825793314659 0.99347385893402207 -0.096836376424224754
1671108993.8851316 -35.870192402297256 -167.23119179610609 0.12326864184439174 -0.058520443287216388 -0.020203309085398323 0.99338430558082413 -0.096720243202606429
1671108993.9846768 -35.755148568302396 -167.2393403908074 0.12908753449544297 -0.059676259413192004 -0.018537868995184694 0.99340615559452139 -0.096121285376758903
1671108994.0855467 -35.685438865011932 -167.22937911224068 0.12916879211440674 -0.058723449713540737 -0.020201773153813246 0.99347570626267667 -0.09565284042337098
1671108994.1850495 -35.606334057521821 -167.16833513592036 0.14593005797043435 -0.055227094836729065 -0.015118036788743402 0.99353949141955211 -0.097983120736823442
1671108994.285943 -35.541273204579952 -167.09121007710993 0.13411401492655267 -0.057569308100802692 -0.02244662680670069 0.99309944334127898 -0.099676573702336818
1671108994.385474 -35.50191177661717 -167.04631049076767 0.15114278845787038 -0.059253858166946768 -0.019961368558075589 0.99265091201238198 -0.10360835361401265
1671108994.4849324 -35.426921524631979 -167.08162761736961 0.15005941768810144 -0.057859379856725304 -0.018889393376405956 0.99303029145042954 -0.10092731663103652
1671108994.5858819 -35.367536527809499 -167.0804329233423 0.14718497846722595 -0.052727371555713672 -0.025782591762814396 0.9933071040105913 -0.099479039867250887
1671108994.6853962 -35.281730224302414 -167.06723609853387 0.16348915695101013 -0.057462696336206723 -0.018518958498045367 0.99335800213264314 -0.09795389887576933
1671108994.7862453 -35.1716406860888 -167.06127341881245 0.17048905497118821 -0.059287262360552505 -0.019469787346819457 0.99344766121417671 -0.095748066980712782
1671108994.8857517 -35.06861762468219 -167.00875398414135 0.1704644255831837 -0.058849410002748619 -0.018644623292440113 0.99356783386363656 -0.094931999221191624
1671108994.9853115 -34.961808996909859 -167.00771195630878 0.17797228283323341 -0.053460260200903928 -0.008553345853897101 0.99372178975388548 -0.097907330789323788
1671108995.0848358 -34.880995941168067 -167.02105144229978 0.18103558542281378 -0.056888645022118225 -0.015642029803038894 0.99320647333120293 -0.10029910420428891
1671108995.1857324 -34.831816274926069 -167.00286231016219 0.17933167452439658 -0.057796282863732125 -0.01154338962155382 0.99304684218681549 -0.10190343009916018
1671108995.2852116 -34.708746598532798 -166.99997681436687 0.18491547333374614 -0.056783890591185424 -0.0097865247512911608 0.9934085087523421 -0.099092625563502623
1671108995.386044 -34.61247022125125 -166.99851687522977 0.18314577581398184 -0.055994137977018597 -0.011290673610307528 0.99338289756166243 -0.099637322493290353
1671108995.4855981 -34.580505034339431 -166.94030149597526 0.18689998515658074 -0.058474333999629056 -0.0089215293215237773 0.99321167325772008 -0.10015852775707565
1671108995.5851722 -34.491415705505013 -166.89684387942404 0.20035614115381606 -0.061286238103060262 -0.0060244339649865464 0.99251364699473343 -0.10547209936182306
1671108995.6847305 -34.564790194991232 -166.93242070470751 0.19550443243775506 -0.060473478818626795 -0.0061811658513730048 0.9923960951107087 -0.10702682821287457
1671108995.7855458 -34.453103464958069 -166.96274735421761 0.19361990436073384 -0.058321066771276964 -0.0025226607662902942 0.99247190206790337 -0.10766528205060628
1671108995.8851311 -34.468383251062036 -166.99388502997459 0.19342959242388597 -0.059717888411881886 -0.0095643181755675662 0.9914527452888322 -0.11560169324322431
1671108995.9846032 -34.390687138754132 -166.99061011665611 0.18997106693554661 -0.061027470205174905 -0.0087370031855214057 0.99036375811294286 -0.12401185133728622
1671108996.0854445 -34.337552898734806 -166.98790136522726 0.20572684885002668 -0.058952719419065609 -0.0062258810424910193 0.9900523671374245 -0.12760143260921522
1671108996.1850333 -34.446890556681154 -166.99395425619781 0.18785709135141221 -0.059199161514118977 -0.010846693228481185 0.98977659121587536 -0.1293062566278769
1671108996.2858825 -34.37469300033748 -166.96297346478849 0.20395345341023047 -0.060116032877812878 -0.010105949821684964 0.98940317791254384 -0.13177740286480996
1671108996.3853874 -34.310048795586823 -166.9373930474043 0.20167434513280164 -0.062668689572094052 -0.0097246260147448981 0.98856572889515248 -0.13680594522967832
1671108996.4849319 -34.015647853231428 -166.80466716422438 0.21131360527370119 -0.065883806886459353 -0.010570038403686718 0.98686813251782624 -0.14710162235363183
1671108996.5844827 -33.907881070998314 -166.77050040844233 0.21617753535155204 -0.063058898143440428 -0.0075923684961552666 0.98491730942140632 -0.16094665236547026
1671108996.6853337 -33.843807020413877 -166.73507730638087 0.20956595904640846 -0.063425685309158139 -0.0088381759860883535 0.98169990447107935 -0.17934426851666088
1671108996.7848759 -33.785728684955835 -166.75302656155824 0.21016681956797834 -0.064345492816240538 -0.008453009125420588 0.9773188655632401 -0.20158382674496009
1671108996.8857205 -33.768095044016839 -166.85126541851014 0.21433586660176501 -0.062656165284242005 -0.0071136506463977279 0.97364183717294694 -0.21919209345421964
1671108996.9852519 -33.69705201399028 -166.80523085989654 0.21055283309705547 -0.062378772665745534 -0.01088299123092982 0.96964830050765716 -0.23616228010669899
1671108997.0861292 -33.645451593023537 -166.71648134829849 0.21781977874711145 -0.06386848593957771 -0.013130429989426189 0.96581397654408507 -0.25090191514649757
1671108997.1856143 -33.61162637604177 -166.66844357884824 0.22437337642833582 -0.066445973435574637 -0.0087596937887170108 0.96117751348642577 -0.26766768192476775
1671108997.2851791 -33.572590294969082 -166.66908574174346 0.22173948911353936 -0.068731840928270976 -0.011003177644769557 0.95661368110651834 -0.28292247921323771
1671108997.3860168 -33.58838387697935 -166.66998395211994 0.22048924959376442 -0.067009661035516394 -0.011220022034240554 0.9516757934062684 -0.29949457537325413
1671108997.4855866 -33.516027791568639 -166.63025465266108 0.22404549971818916 -0.066599495248774704 -0.011782895759955168 0.9462141495238322 -0.31639287893536633
1671108997.5851226 -33.424302988332514 -166.55236979415716 0.26208825494237237 -0.062378631222982206 -0.014671652969699335 0.9384606054762199 -0.33938965944042937
1671108997.6846561 -33.391610959601401 -166.53211231169999 0.25699583923742164 -0.063060540700640322 -0.012704572447651599 0.93193146313559694 -0.35688332836294095
1671108997.7854834 -33.352036362847684 -166.4997823677659 0.25368755877837534 -0.062058447331716754 -0.013981854505205471 0.92687364088747415 -0.36994392911273655
1671108997.8849916 -33.268342054349183 -166.39992505896984 0.24610758184045545 -0.063268217101160332 -0.013871570381028412 0.92079463938136041 -0.38463221956377369
1671108997.9859233 -33.15580700930655 -166.38140629518031 0.25722197115346784 -0.066264046502817586 -0.012501441404040243 0.91460236074983303 -0.39869200119230647
1671108998.0854332 -33.163898673385383 -166.32014047033786 0.26214867991507046 -0.066927389806663476 -0.013624932510046352 0.9096404210890896 -0.40974307807286692
1671108998.1862955 -33.152617551460864 -166.25109962476193 0.26487565688490866 -0.067166918473736154 -0.013951320299692833 0.90533891597605309 -0.41911264946782872
1671108998.2858098 -33.047527733469011 -166.12791418971122 0.27619260518476357 -0.065143204040602379 -0.016203705382676931 0.90048444726593613 -0.42967611422018476
1671108998.3853643 -32.958498365733028 -165.90042331475018 0.29140064399316901 -0.065662695634196855 -0.018451950960580672 0.89189699782351173 -0.44706563408654659
1671108998.4862294 -32.96165247809887 -165.79909901729226 0.29792160172909493 -0.066628975469819871 -0.015071805952351644 0.89065495458072352 -0.44951882293624379
1671108998.5857606 -32.933044703391197 -165.73390498600901 0.3014947818875312 -0.067076134683347444 -0.016232735110833126 0.89186983572928669 -0.44699606998605484
1671108998.6853037 -32.566551571086052 -165.4460563091308 0.31770442280620331 -0.062637362852338618 -0.021262228689814922 0.89134970034155225 -0.44846425733504292
1671108998.7847998 -32.490188521802423 -165.45148665563761 0.32156069450825442 -0.067128377431691255 -0.017051825471154292 0.89103728461503595 -0.44861517319118088
1671108998.885644 -32.473858788874743 -165.42523511041105 0.3230766227275132 -0.068081622447327281 -0.018441570953962351 0.89138930654077686 -0.44771632238555098
1671108998.985249 -32.425529008743169 -165.35748157683014 0.33108303903117764 -0.067944970075866751 -0.017000157762254019 0.89254704145109498 -0.44548204730869401
1671108999.0847366 -32.573710313254594 -165.41947040472181 0.32814301496893161 -0.058754578254009406 0.00051262184830946184 0.89809579872687373 -0.4358572852002971
1671108999.1856327 -32.497199921202657 -165.34871851880848 0.31148037251383059 -0.058638138045530926 -0.0084033134484333243 0.90077477096822689 -0.43022757358958208
1671108999.2850821 -32.59193530919552 -165.39838115767091 0.31180318248867983 -0.059156481973081501 -0.0037365562107292702 0.91062371261469899 -0.40896332697697313
1671108999.3859632 -32.585225893685219 -165.25390880511105 0.31036997142136091 -0.057144144984410755 -0.0011043565020351686 0.91618545024441544 -0.39665797338658754
1671108999.4855402 -32.463888905817271 -165.18347527755947 0.3301653195805847 -0.049287625838171867 -0.0069267975713840236 0.92101392838020857 -0.38633676131620892
1671108999.5850811 -32.35458408502042 -165.19183601678162 0.32199790940806261 -0.053314192565052383 -0.0073031593279017388 0.92493833247232438 -0.37628890743454529
1671108999.6845994 -32.298337324964997 -165.11402784576268 0.31381636318489903 -0.053901518808619785 -0.0089238132740604281 0.93013602242366067 -0.36312803749733391
1671108999.7854762 -32.199263112372158 -165.08726968300044 0.31813081761151546 -0.056469595403506885 -0.0085177539077440877 0.93386449336732125 -0.35303787430122541
1671108999.8849809 -32.102458414277436 -165.0117501881063 0.30410752515941852 -0.059152872904653056 -0.0024005448485378061 0.93803345745826083 -0.3414504469179348
1671108999.9845517 -31.691528910329939 -164.57590901603996 0.33703653026446689 -0.045632976229402607 -0.00072474411428573879 0.94243476825233485 -0.3312609452011866
1671109000.0853801 -31.408992570498587 -164.49075144991576 0.3564911948002874 -0.050232370862501999 -0.0054714408747458783 0.94399844295507263 -0.326057835284915
1671109000.1849771 -31.395027406328918 -164.34159115863889 0.3523617669075727 -0.051135852993549932 -0.00053351154625085474 0.94774684835779655 -0.31489800147335933
1671109000.2857556 -31.404394585505127 -164.31067049245536 0.34726116563379755 -0.050644280911497537 0.00091047195216648004 0.95199901176178547 -0.3018811180851918
1671109000.3852849 -31.353253817349671 -164.26469673983081 0.3520420614600181 -0.053079355769509368 0.00038525818778445219 0.956531064960781 -0.28675905449038025
1671109000.4848652 -31.361476249870659 -164.1174164185457 0.37427657881826154 -0.054532581725996232 0.0013870241074885688 0.95878177778903528 -0.27885798585322913
1671109000.5857244 -31.327785982635618 -164.08532605302929 0.37329160754978652 -0.05783976252713359 -0.0015572800340081802 0.96107025262905554 -0.27017791593915247
1671109000.6852453 -31.266659804484249 -164.19086676235796 0.36323398415744301 -0.060259459318620791 -0.0022712598235523798 0.9583211330084288 -0.27925659342418863
1671109000.7847481 -31.134870675382018 -164.06088587930873 0.38300260418206444 -0.056511698010035916 0.0044130698840245518 0.96095036079844076 -0.27085301712103521
1671109000.8855748 -31.214940005564689 -163.99079035459013 0.37393669959828246 -0.055513656429743985 -0.0052369388776406936 0.96296329629818556 -0.26380390141831683
1671109000.9852014 -31.180386721116303 -163.96868103848101 0.3825467410810291 -0.054862020305529169 -0.001981411747565691 0.96488489248551368 -0.25687229704407777
1671109001.0860138 -30.997589742282035 -164.03442584080398 0.36311467432156191 -0.058470625420657882 0.00098328645653397197 0.96666494669532566 -0.24927715487221205
1671109001.1855636 -30.989697052001954 -164.30821001834497 0.36051797578781836 -0.057859012803398016 0.0012823774137841466 0.9700509957303044 -0.23590624372455649
1671109001.2851009 -30.758732960021497 -163.91330383186042 0.36908777707070106 -0.063032005252740858 -0.002985400868531211 0.97379027709652088 -0.21851899214428397
1671109001.3859608 -30.641063626170158 -163.91422605470194 0.37013576646596191 -0.069534387707762726 0.0026595550551213546 0.97629793588156755 -0.20493959131023462
1671109001.4854839 -30.614361322808264 -163.85639431303068 0.37871362274736153 -0.073934872110222441 0.002516580780804939 0.97675326738303248 -0.20119730655202378
1671109001.5850415 -30.53068325985074 -163.78388719244077 0.38916449175477025 -0.076038039741300675 0.0020088503699796914 0.97608607653303359 -0.20364221622944578
1671109001.6845114 -30.633950377833845 -163.92968212859893 0.38851067747026674 -0.066485283030348924 0.0072714549274615009 0.97792745191671537 -0.19795133712933763
1671109001.7854137 -30.382819966733457 -163.67207041287719 0.39569788660407063 -0.068272921485262802 -0.0014836819731365381 0.97516461025428791 -0.21069074442716376
1671109001.8849039 -30.345418486613035 -163.65892633028551 0.41020025394260878 -0.067866345024234276 0.001211126767845774 0.97538246295799746 -0.20981359188335347
1671109001.9858274 -30.290891871875523 -163.64251492057815 0.40474296219050876 -0.065220284507184589 0.003999489917968474 0.97576554510875024 -0.20883467036826397
1671109002.0853498 -30.123944918912649 -163.67047243722232 0.42736578010469672 -0.059289079013142294 -0.00079290620146266644 0.97639198019672302 -0.20770863587499475
1671109002.1862102 -30.326464316219091 -163.51634307310357 0.41123188795745363 -0.066335716935278871 0.0051693141061517726 0.9776109959451188 -0.19962362449757157
1671109002.2857215 -30.242288915103675 -163.52424214529879 0.41448131420016288 -0.066016463216646365 0.0058279047356093227 0.97809278432830116 -0.19733820551446479
1671109002.3852503 -30.222219960540532 -163.63157723382824 0.40827179224193089 -0.066351814502488782 0.006317078996136421 0.97836020592802053 -0.19587965356735004
1671109002.4848084 -30.066742693239451 -163.32187561951613 0.43895707700997583 -0.05925468086858756 0.012147083567901151 0.97825965260725534 -0.19836678965161608
1671109002.585638 -29.961380312007666 -163.30747756508663 0.42489515666663641 -0.06385153687078518 0.0015320780392311312 0.97718259100967542 -0.20257052550590371
1671109002.6851516 -29.811331531220674 -163.33085799821839 0.42963597204685205 -0.065043701338037233 0.0066615924367491169 0.9763570155082405 -0.20603863319847665
1671109002.7860832 -29.817736295658349 -163.20291121094712 0.43759152863621698 -0.062567216819254201 0.0095140736861855368 0.97686432823484692 -0.20428144801637613
1671109002.8855453 -29.762000036144258 -163.1707634921342 0.43808673998713488 -0.063665313664051884 0.0055702220423228081 0.9767345946869822 -0.20470767451200667
1671109002.9851484 -29.754001842725277 -163.23758894971238 0.42273567329496131 -0.068512295548501606 0.0040790170220383832 0.97719872830296606 -0.20092802786538913
1671109003.0859585 -29.667591070324182 -163.24248208981007 0.4370245729759335 -0.069447675658672103 0.0028662516208429792 0.97806159495197742 -0.19637800647538906
1671109003.1855299 -29.580796347755193 -163.20228975883424 0.44884632279649372 -0.069980403813063016 0.0015955611094055945 0.97840416841218369 -0.19448773868953786
1671109003.2850397 -29.471627973091604 -163.11621166720911 0.45212003046423188 -0.070406401187841069 0.0076209679437477381 0.97869443028218284 -0.19272278447036473
1671109003.3845868 -29.47805200637579 -163.16208874026239 0.43029324696883553 -0.06839821197167327 0.00050300012904438713 0.97849286445709005 -0.19461024072876312
1671109003.4854364 -29.438776963675021 -163.11660747669339 0.44213747964873901 -0.070840228452014944 -0.00017291919747375773 0.97799348022140287 -0.19624062977947784
1671109003.5849257 -29.380529247564077 -163.04663802764415 0.46769082035869353 -0.06869446210090055 0.0041852147054478308 0.97805547450190922 -0.19664954526106185
1671109003.6857755 -29.579633968526124 -163.29957100839914 0.43964710586071004 -0.069530101981927134 0.0030061668551488638 0.97891898489012874 -0.19202642761063318
1671109003.7854018 -29.860860008859635 -163.41835262141376 0.41746484334021799 -0.065811571586892992 -0.0068177289610044049 0.97994603380837764 -0.18795777834478547
1671109003.8849497 -29.835975999808312 -163.48512726177722 0.41878936470895994 -0.070440042126559632 -0.0052648648530352676 0.97993321984961412 -0.18639035999336373
1671109003.9857578 -29.914326161253452 -163.51498117295654 0.41117266809493297 -0.076829919153382553 -0.0028612344301430018 0.97995598615394608 -0.18378041805771225
1671109004.0852499 -29.964446317327024 -163.54680176459701 0.41573693720325822 -0.080007495423595587 -0.0011164955120890442 0.97957496635342589 -0.18447341111254878
1671109004.1847811 -29.901599089443685 -163.53193305277898 0.42675440592691299 -0.074139288293889244 0.00049873332212228036 0.9796328733527393 -0.18660801334081245
1671109004.284348 -29.854922012257575 -163.51747930388004 0.4250772221408784 -0.073553222563428541 -0.0065858927766042951 0.97862126096431201 -0.19195566429644564
1671109004.3851948 -29.817838771432637 -163.48667166432739 0.43566006127297868 -0.072918948213857832 -0.0036900035954797565 0.97830932709522234 -0.19385580048928999
1671109004.4860668 -29.725824583166837 -163.45815973380729 0.43253922056257715 -0.071684324092788354 -0.0012433706554800703 0.97903075348815416 -0.19067929995988117
1671109004.5856032 -29.610936201173068 -163.42195589601397 0.44479925039559598 -0.072652768774333312 -0.0053902271356327958 0.9793095858713794 -0.18879951181419122
1671109004.6851559 -29.693131816762687 -163.51100339918582 0.4455676969267427 -0.07342102574972649 0.00038821970206013993 0.98016886479627974 -0.18406031279798796
1671109004.7860217 -29.642008845430613 -163.40467082951145 0.45651014400422568 -0.072964366073421508 0.0011769214323859669 0.98055278948319291 -0.18218409144646788
1671109004.8855491 -29.580223884880542 -163.31604672982954 0.45558708453327407 -0.069540574291482346 0.0068906335041078234 0.98038789510126256 -0.18427208914005072
1671109004.9850979 -29.362911488533019 -163.20117392161191 0.46565426902621976 -0.062975868341934207 0.00067389110557089917 0.9796693173201273 -0.19047733350420734
1671109005.0845785 -29.274451927471162 -163.17501378848181 0.47462022030279033 -0.06363391312380258 0.0019294191681472445 0.9788113140501612 -0.19461606801500897
1671109005.1854365 -29.369935085809232 -163.06030956310929 0.4825739216640591 -0.062772050895789119 0.0060934354331692621 0.98007822523542876 -0.18833271646299399
1671109005.2849653 -29.240932240456342 -163.00177311907484 0.4780115051746367 -0.062545938941628632 0.00079405422691845471 0.9792630961114418 -0.19269448252097882
1671109005.3858085 -29.113278082799912 -163.0848544761084 0.48341949385702604 -0.064676994693231155 0.00040551316679400355 0.9795685466783004 -0.19042632243228827
1671109005.4853907 -29.067332226914168 -163.07385975741744 0.49333011435791846 -0.066569173825312064 -0.00030282923611088151 0.97980229237875405 -0.18856277798125418
1671109005.5849266 -28.983413566428421 -163.01358477869928 0.49087333655282844 -0.06865891388083406 -0.0021756973232751535 0.98009575789830461 -0.18626198011298381
1671109005.6844883 -28.904285106223821 -162.94724329419583 0.48209000386446704 -0.069249128076798352 0.0032131530315778656 0.97987222936799456 -0.18720215816489669
1671109005.7853074 -28.963835805189611 -163.18376187247486 0.47465933578908437 -0.064943297199510572 -0.0028078157059165873 0.98053319455806687 -0.18528124214169578
1671109005.8848338 -28.860992669218778 -163.13319748978765 0.48801263183057303 -0.069251760464943884 -0.006288532258979412 0.97854775036402908 -0.19393026657031062
1671109005.9857073 -28.809061394900084 -163.04310810483992 0.49451300038397306 -0.07259680767534249 -0.0052407841629148483 0.97892991359266113 -0.19078380950744281
1671109006.0852327 -28.6198174174577 -162.95715849418491 0.51362878596046935 -0.06605578992832277 -0.013504531863329604 0.97980866699031932 -0.18822655584893225
1671109006.18611 -28.570050024592877 -162.83651214417219 0.5235212915316223 -0.068795736705745819 -0.00089157106782764624 0.98048046239078201 -0.18418581536617595
1671109006.2856066 -28.454895309436321 -162.75224348542244 0.51675365929827088 -0.07333240471982598 0.00056573477855715421 0.98148423248535255 -0.17694840983972235
1671109006.3851886 -28.500331584078072 -162.62026668845266 0.51887221835553632 -0.068107974630462004 0.0095779844352298256 0.98209394972046771 -0.1753882548186918
1671109006.484684 -28.353563426607849 -162.6954386683546 0.5254884924031793 -0.064239886811139624 0.0012853672600366673 0.9809764835839484 -0.18318494323707477
1671109006.58424 -28.393078874146937 -162.66415776286945 0.52939411040022955 -0.064681935713727962 -0.0005849937777520158 0.97926997470172228 -0.1919536965580331
1671109006.6850715 -28.294371340936422 -162.68869893526508 0.53399017226248979 -0.063832857570297247 0.0039837432730927061 0.97890299345384635 -0.19405778905017743
1671109006.7860341 -28.236011399626733 -162.64713996034487 0.53551954333782192 -0.066245031280303068 0.0023091764452703462 0.97864113385029838 -0.19459649192885925
1671109006.8854923 -28.170838444870711 -162.65415866607279 0.55285240163803095 -0.066047180919624707 0.0061664606567968516 0.97953592401531997 -0.19002399379813034
1671109006.986316 -28.080257868295909 -162.50368253149725 0.55800473391115668 -0.065052621314111783 0.0081743198463208062 0.98099351446524019 -0.18262820574147198
1671109007.0858612 -28.18942780752182 -162.4778999066825 0.54414433154314756 -0.065341224897096165 0.0095922296250821916 0.98313988833834265 -0.17051238493973955
1671109007.1854241 -28.074983193820714 -162.3229022126167 0.55417930798083537 -0.056282771765853376 0.0098078820812147662 0.98315803684727321 -0.1735981844203725
1671109007.2849519 -27.923532905268669 -162.32573776756377 0.557228422833979 -0.059762800222532296 0.0045051146944442939 0.98026863561489197 -0.18836537282863269
1671109007.3845189 -27.900042364141346 -162.30869248885494 0.56127901233881705 -0.059038174089970745 0.0092994894726315131 0.97935749766398195 -0.19309817519856148
1671109007.4853494 -27.856268257904052 -162.21200810339241 0.57426249900460236 -0.056745075357536603 0.012052196279108345 0.97950749584210628 -0.19287251379251388
1671109007.5862269 -27.780336634606122 -162.11747230109555 0.57863152820765962 -0.059582103085628189 0.0088803812456134303 0.97966990935679066 -0.19135825177316951
